20 6
0.0 58.25804665451803 77.15568676384133 11.045361017187261 72.2357252334328 59.665735560705194 44.384682042344295 48.0 63.7808748764079 79.37883848986453 35.12833614050059 89.49301648732151 39.11521443121589 100.24470060806208 89.49860334105779 102.88342918079665 82.37718130647589 83.74365647617735 28.0178514522438 17.204650534085253 50.24937810560445 
58.25804665451803 0.0 19.209372712298546 49.51767361255979 24.166091947189145 26.419689627245813 20.396078054371138 96.17692030835673 5.830951894845301 31.953090617340916 83.35466393669883 41.0 24.331050121192877 50.24937810560445 71.61005515987263 96.64884893261792 25.298221281347036 65.45991139621256 46.87216658103186 61.85466837676846 19.924858845171276 
77.15568676384133 19.209372712298546 0.0 68.6804193347711 26.92582403567252 38.01315561749642 38.48376280978771 115.10430052782563 13.45362404707371 31.622776601683793 102.39628899525607 36.87817782917155 40.70626487409524 42.941821107167776 78.92401408950256 105.62196741208714 13.892443989449804 73.38937252763509 62.76941930590086 81.02468759581859 32.28002478313795 
11.045361017187261 49.51767361255979 68.6804193347711 0.0 61.741396161732524 48.76474136094644 34.0 50.21951811795888 55.226805085936306 68.70953354520753 36.87817782917155 78.77182237323191 33.52610922848042 89.5377015563835 79.12016177940993 93.81364506296512 72.80109889280519 73.24616030891995 29.546573405388315 15.033296378372908 44.598206241955516 
72.2357252334328 24.166091947189145 26.92582403567252 61.741396161732524 0.0 15.811388300841896 27.85677655436824 100.56838469419701 24.20743687382041 8.06225774829855 89.10667763978185 18.027756377319946 46.389654018972806 28.442925306655784 52.0 78.74642849044012 18.110770276274835 46.486557196677836 68.00735254367721 70.21395872616783 44.01136216933077 
59.665735560705194 26.419689627245813 38.01315561749642 48.76474136094644 15.811388300841896 0.0 17.26267650163207 84.8999411071645 29.732137494637012 20.808652046684813 73.66138744281159 30.4138126514911 41.593268686170845 41.14608122288197 45.45327270945405 70.2353187506115 32.89376840679705 39.20459156782532 60.63827174318213 55.569775957799216 43.18564576337837 
44.384682042344295 20.396078054371138 38.48376280978771 34.0 27.85677655436824 17.26267650163207 0.0 76.8505042273634 25.96150997149434 35.17101079013795 64.40496875241847 45.35416188179427 25.612496949731394 56.04462507680822 59.665735560705194 82.00609733428362 39.59797974644666 53.2634959423431 43.41658669218482 43.840620433565945 30.01666203960727 
48.0 96.17692030835673 115.10430052782563 50.21951811795888 100.56838469419701 84.8999411071645 76.8505042273634 0.0 102.0 105.3612832116238 13.341664064126334 114.02192771568107 83.67795408588812 124.19742348374221 91.09335870413386 91.0 115.80155439371269 87.66413177577246 76.00657866263946 35.4400902933387 94.64142856064674 
63.7808748764079 5.830951894845301 13.45362404707371 55.226805085936306 24.20743687382041 29.732137494637012 25.96150997149434 102.0 0.0 31.38470965295043 89.1852005660132 39.56008088970496 28.460498941515414 48.05205510693585 74.09453421137081 99.74467404327912 21.213203435596427 68.09552114493287 50.96076922496363 67.67569726275453 22.02271554554524 
79.37883848986453 31.953090617340916 31.622776601683793 68.70953354520753 8.06225774829855 20.808652046684813 35.17101079013795 105.3612832116238 31.38470965295043 0.0 94.36630754670864 10.198039027185569 54.45181356024793 20.8806130178211 48.507731342539614 75.7099729229908 19.924858845171276 43.56604182158393 76.02631123499285 76.32168761236873 51.86520991955976 
35.12833614050059 83.35466393669883 102.39628899525607 36.87817782917155 89.10667763978185 73.66138744281159 64.40496875241847 13.341664064126334 89.1852005660132 94.36630754670864 0.0 103.40696301506973 70.3420215802759 113.81124724736128 85.15867542417507 88.95504482602435 103.71113729971339 81.02468759581859 63.12685640834652 22.135943621178654 81.32035415564789 
89.49301648732151 41.0 36.87817782917155 78.77182237323191 18.027756377319946 30.4138126514911 45.35416188179427 114.02192771568107 39.56008088970496 10.198039027185569 103.40696301506973 0.0 64.19501538281614 10.770329614269007 49.040799340956916 76.23647421018367 23.345235059857504 45.09988913511872 86.0 85.95929269136641 60.876925020897694 
39.11521443121589 24.331050121192877 40.70626487409524 33.52610922848042 46.389654018972806 41.593268686170845 25.612496949731394 83.67795408588812 28.460498941515414 54.45181356024793 70.3420215802759 64.19501538281614 0.0 74.00675644831355 85.27602242131137 107.05606008068857 49.47726750741192 78.87331614684399 22.561028345356956 48.27007354458868 11.180339887498949 
100.24470060806208 50.24937810560445 42.941821107167776 89.5377015563835 28.442925306655784 41.14608122288197 56.04462507680822 124.19742348374221 48.05205510693585 20.8806130178211 113.81124724736128 10.770329614269007 74.00675644831355 0.0 53.600373133029585 80.09993757800315 29.068883707497267 50.695167422546305 96.08329719571451 96.64884893261792 69.87131027825369 
89.49860334105779 71.61005515987263 78.92401408950256 79.12016177940993 52.0 45.45327270945405 59.665735560705194 91.09335870413386 74.09453421137081 48.507731342539614 85.15867542417507 49.040799340956916 85.27602242131137 53.600373133029585 0.0 27.294688127912362 68.41052550594829 6.4031242374328485 100.72239075796404 77.31752712031083 88.41379982785493 
102.88342918079665 96.64884893261792 105.62196741208714 93.81364506296512 78.74642849044012 70.2353187506115 82.00609733428362 91.0 99.74467404327912 75.7099729229908 88.95504482602435 76.23647421018367 107.05606008068857 80.09993757800315 27.294688127912362 0.0 95.56673061269805 32.28002478313795 119.33147112141039 87.84645695758026 111.83022847155415 
82.37718130647589 25.298221281347036 13.892443989449804 72.80109889280519 18.110770276274835 32.89376840679705 39.59797974644666 115.80155439371269 21.213203435596427 19.924858845171276 103.71113729971339 23.345235059857504 49.47726750741192 29.068883707497267 68.41052550594829 95.56673061269805 0.0 63.34824385884742 72.03471385380801 83.43860018001261 43.04648650006177 
83.74365647617735 65.45991139621256 73.38937252763509 73.24616030891995 46.486557196677836 39.20459156782532 53.2634959423431 87.66413177577246 68.09552114493287 43.56604182158393 81.02468759581859 45.09988913511872 78.87331614684399 50.695167422546305 6.4031242374328485 32.28002478313795 63.34824385884742 0.0 94.41398201537736 72.06247289678588 82.07313811473277 
28.0178514522438 46.87216658103186 62.76941930590086 29.546573405388315 68.00735254367721 60.63827174318213 43.41658669218482 76.00657866263946 50.96076922496363 76.02631123499285 63.12685640834652 86.0 22.561028345356956 96.08329719571451 100.72239075796404 119.33147112141039 72.03471385380801 94.41398201537736 0.0 43.41658669218482 30.886890422961002 
17.204650534085253 61.85466837676846 81.02468759581859 15.033296378372908 70.21395872616783 55.569775957799216 43.840620433565945 35.4400902933387 67.67569726275453 76.32168761236873 22.135943621178654 85.95929269136641 48.27007354458868 96.64884893261792 77.31752712031083 87.84645695758026 83.43860018001261 72.06247289678588 43.41658669218482 0.0 59.20304046246274 
50.24937810560445 19.924858845171276 32.28002478313795 44.598206241955516 44.01136216933077 43.18564576337837 30.01666203960727 94.64142856064674 22.02271554554524 51.86520991955976 81.32035415564789 60.876925020897694 11.180339887498949 69.87131027825369 88.41379982785493 111.83022847155415 43.04648650006177 82.07313811473277 30.886890422961002 59.20304046246274 0.0 
