48 10
0 92 99 73 66 68 91 121 50 83 62 108 75 48 65 39 76 7 41 19 14 48 95 59 34 95 46 62 68 67 37 41 39 63 19 124 110 86 43 174 14 62 120 92 135 78 14 68 38
92 0 49 162 100 28 98 211 123 175 88 196 26 85 37 115 152 90 73 92 97 115 180 151 76 186 122 140 108 46 101 123 120 67 102 83 199 41 62 100 103 76 32 11 64 25 78 24 130
99 49 0 155 73 65 58 204 109 179 62 186 34 67 74 105 135 101 62 108 109 99 168 153 69 190 111 127 141 32 89 138 112 43 100 34 191 88 56 75 105 51 45 60 37 70 91 54 134
73 162 155 0 90 140 119 50 48 40 96 35 141 88 138 50 36 78 94 84 76 57 24 27 88 47 45 33 121 126 66 70 44 112 60 168 37 159 103 229 60 105 186 164 192 151 88 138 42
66 100 73 90 0 93 30 137 43 122 12 117 74 20 97 44 64 72 34 85 80 34 99 97 38 133 47 58 132 54 32 104 52 33 53 79 123 120 44 142 61 24 113 107 108 104 70 85 84
68 28 65 140 93 0 100 189 107 149 82 175 32 75 9 97 136 65 61 65 71 99 161 127 61 161 105 123 81 46 85 96 101 64 81 100 178 27 50 127 81 72 61 25 89 11 54 11 105
91 98 58 119 30 100 0 165 72 152 29 144 73 43 105 74 90 97 52 108 105 63 126 127 58 162 76 87 153 54 61 130 81 36 80 53 150 126 57 118 88 32 102 107 89 109 91 89 113
121 211 204 50 137 189 165 0 96 53 144 21 191 137 186 100 75 125 144 129 122 105 39 65 138 47 94 79 158 176 115 108 93 161 110 216 14 206 153 278 109 154 236 213 242 199 136 188 85
50 123 109 48 43 107 72 96 0 81 49 77 100 42 107 11 29 57 51 69 61 10 60 57 47 91 6 18 116 82 22 75 14 66 31 121 82 130 61 182 37 58 144 127 146 118 62 102 49
83 175 179 40 122 149 152 53 81 0 126 54 158 115 144 79 76 85 117 85 79 89 56 26 109 12 76 70 107 147 93 59 71 137 79 197 50 162 123 254 74 132 203 174 216 158 96 150 45
62 88 62 96 12 82 29 144 49 126 0 125 63 14 86 47 73 68 25 80 76 39 107 100 30 137 52 65 126 43 33 101 55 22 52 72 130 109 34 134 59 12 102 96 99 92 64 74 85
108 196 186 35 117 175 144 21 77 54 125 0 174 119 172 82 54 112 126 118 110 87 18 56 121 53 75 59 152 159 98 101 76 143 94 196 7 194 136 258 94 135 219 198 223 185 122 173 75
75 26 34 141 74 32 73 191 100 158 63 174 0 60 40 92 128 75 49 80 83 91 158 134 53 170 100 117 108 20 78 112 98 42 82 68 178 56 39 102 84 51 45 34 62 38 64 21 113
48 85 67 88 20 75 43 137 42 115 14 119 60 0 77 38 69 54 14 66 62 32 102 89 17 126 44 60 112 41 22 88 45 24 39 82 124 101 25 141 46 17 103 91 104 85 50 67 73
65 37 74 138 97 9 105 186 107 144 86 172 40 77 0 96 135 61 63 60 66 100 159 123 63 156 104 122 72 53 86 89 99 69 79 108 175 24 53 135 78 76 69 32 98 14 50 19 101
39 115 105 50 44 97 74 100 11 79 47 82 92 38 96 0 39 46 44 58 50 12 66 53 39 89 8 26 105 76 16 66 8 62 20 119 87 120 54 179 26 55 137 118 142 108 51 93 42
76 152 135 36 64 136 90 75 29 76 73 54 128 69 135 39 0 83 80 93 85 38 36 58 76 84 31 14 138 110 51 91 37 92 58 142 60 159 90 206 62 84 172 156 171 147 89 131 61
7 90 101 78 72 65 97 125 57 85 68 112 75 54 61 46 83 0 46 12 9 55 100 62 39 96 53 69 61 69 44 37 46 67 26 127 114 81 46 175 21 67 119 90 136 75 12 66 40
41 73 62 94 34 61 52 144 51 117 25 126 49 14 63 44 80 46 0 57 55 42 110 91 8 128 51 69 101 32 29 82 50 22 38 83 131 86 11 137 43 21 93 78 99 71 40 53 73
19 92 108 84 85 65 108 129 69 85 80 118 80 66 60 58 93 12 57 0 8 67 107 65 50 96 64 78 49 77 56 31 56 77 38 136 119 78 56 182 31 77 123 90 142 74 18 68 44
14 97 109 76 80 71 105 122 61 79 76 110 83 62 66 50 85 9 55 8 0 60 99 58 47 90 56 71 55 77 51 29 48 76 31 136 112 85 55 184 24 75 126 95 144 80 19 72 36
48 115 99 57 34 99 63 105 10 89 39 87 91 32 100 12 38 55 42 67 60 0 69 64 39 99 13 27 115 73 14 77 19 56 29 111 92 123 53 172 36 48 135 119 136 110 58 94 53
95 180 168 24 99 161 126 39 60 56 107 18 158 102 159 66 36 100 110 107 99 69 0 50 105 59 59 42 145 142 81 94 61 125 80 178 24 181 120 241 81 117 203 183 205 171 109 158 65
59 151 153 27 97 127 127 65 57 26 100 56 134 89 123 53 58 62 91 65 58 64 50 0 84 37 51 49 96 122 67 45 46 112 53 171 56 142 98 228 49 106 179 151 190 137 73 127 22
34 76 69 88 38 61 58 138 47 109 30 121 53 17 63 39 76 39 8 50 47 39 105 84 0 121 46 64 96 38 25 75 45 30 31 90 125 86 15 144 36 28 98 80 106 72 33 55 65
95 186 190 47 133 161 162 47 91 12 137 53 170 126 156 89 84 96 128 96 90 99 59 37 121 0 86 79 116 159 104 69 82 149 90 208 48 173 135 265 86 143 215 186 227 170 108 162 57
46 122 111 45 47 105 76 94 6 76 52 75 100 44 104 8 31 53 51 64 56 13 59 51 46 86 0 18 111 83 22 69 8 68 27 124 80 127 61 185 32 60 144 126 148 116 58 101 43
62 140 127 33 58 123 87 79 18 70 65 59 117 60 122 26 14 69 69 78 71 27 42 49 64 79 18 0 124 100 39 78 23 83 44 137 65 145 79 199 48 75 162 144 164 134 75 119 48
68 108 141 121 132 81 153 158 116 107 126 152 108 112 72 105 138 61 101 49 55 115 145 96 96 116 111 124 0 112 105 51 103 119 86 173 152 76 97 207 79 122 141 102 169 84 62 89 80
67 46 32 126 54 46 54 176 82 147 43 159 20 41 53 76 110 69 32 77 77 73 142 122 38 159 83 100 112 0 61 106 83 21 69 61 163 73 24 107 73 30 61 54 68 55 59 35 102
37 101 89 66 32 85 61 115 22 93 33 98 78 22 86 16 51 44 29 56 51 14 81 67 25 104 22 39 105 61 0 72 23 46 21 104 102 109 39 163 29 39 122 105 126 96 45 80 53
41 123 138 70 104 96 130 108 75 59 101 101 112 88 89 66 91 37 82 31 29 77 94 45 75 69 69 78 51 106 72 0 61 104 51 164 101 105 84 212 43 102 154 121 173 104 48 99 30
39 120 112 44 52 101 81 93 14 71 55 76 98 45 99 8 37 46 50 56 48 19 61 46 45 82 8 23 103 83 23 61 0 69 20 127 80 122 59 186 25 62 143 123 149 111 52 97 35
63 67 43 112 33 64 36 161 66 137 22 143 42 24 69 62 92 67 22 77 76 56 125 112 30 149 68 83 119 21 46 104 69 0 59 61 148 91 22 117 65 9 81 75 80 74 60 54 94
19 102 100 60 53 81 80 110 31 79 52 94 82 39 79 20 58 26 38 38 31 29 80 53 31 90 27 44 86 69 21 51 20 59 0 120 97 102 45 175 8 55 127 104 137 92 32 79 35
124 83 34 168 79 100 53 216 121 197 72 196 68 82 108 119 142 127 83 136 136 111 178 171 90 208 124 137 173 61 104 164 127 61 120 0 201 122 81 65 126 65 70 94 42 104 118 89 155
110 199 191 37 123 178 150 14 82 50 130 7 178 124 175 87 60 114 131 119 112 92 24 56 125 48 80 65 152 163 102 101 80 148 97 201 0 196 140 264 97 140 223 201 228 188 125 176 76
86 41 88 159 120 27 126 206 130 162 109 194 56 101 24 120 159 81 86 78 85 123 181 142 86 173 127 145 76 73 109 105 122 91 102 122 196 0 76 139 100 98 70 31 104 18 71 37 121
43 62 56 103 44 50 57 153 61 123 34 136 39 25 53 54 90 46 11 56 55 53 120 98 15 135 61 79 97 24 39 84 59 22 45 81 140 76 0 131 49 26 84 67 93 60 38 42 78
174 100 75 229 142 127 118 278 182 254 134 258 102 141 135 179 206 175 137 182 184 172 241 228 144 265 185 199 207 107 163 212 186 117 175 65 264 139 131 0 180 124 69 108 39 125 165 118 209
14 103 105 60 61 81 88 109 37 74 59 94 84 46 78 26 62 21 43 31 24 36 81 49 36 86 32 48 79 73 29 43 25 65 8 126 97 100 49 180 0 61 130 104 141 91 29 79 29
62 76 51 105 24 72 32 154 58 132 12 135 51 17 76 55 84 67 21 77 75 48 117 106 28 143 60 75 122 30 39 102 62 9 55 65 140 98 26 124 61 0 90 84 88 82 60 62 90
120 32 45 186 113 61 102 236 144 203 102 219 45 103 69 137 172 119 93 123 126 135 203 179 98 215 144 162 141 61 122 154 143 81 127 70 223 70 84 69 130 90 0 40 37 57 108 55 158
92 11 60 164 107 25 107 213 127 174 96 198 34 91 32 118 156 90 78 90 95 119 183 151 80 186 126 144 102 54 105 121 123 75 104 94 201 31 67 108 104 84 40 0 73 18 78 25 130
135 64 37 192 108 89 89 242 146 216 99 223 62 104 98 142 171 136 99 142 144 136 205 190 106 227 148 164 169 68 126 173 149 80 137 42 228 104 93 39 141 88 37 73 0 89 125 80 171
78 25 70 151 104 11 109 199 118 158 92 185 38 85 14 108 147 75 71 74 80 110 171 137 72 170 116 134 84 55 96 104 111 74 92 104 188 18 60 125 91 82 57 18 89 0 64 19 115
14 78 91 88 70 54 91 136 62 96 64 122 64 50 50 51 89 12 40 18 19 58 109 73 33 108 58 75 62 59 45 48 52 60 32 118 125 71 38 165 29 60 108 78 125 64 0 54 52
68 24 54 138 85 11 89 188 102 150 74 173 21 67 19 93 131 66 53 68 72 94 158 127 55 162 101 119 89 35 80 99 97 54 79 89 176 37 42 118 79 62 55 25 80 19 54 0 106
38 130 134 42 84 105 113 85 49 45 85 75 113 73 101 42 61 40 73 44 36 53 65 22 65 57 43 48 80 102 53 30 35 94 35 155 76 121 78 209 29 90 158 130 171 115 52 106 0
