98 10
0 120 92 29 99 29 73 53 66 58 68 163 91 66 121 107 50 30 83 51 62 98 108 59 75 97 48 57 65 40 39 111 76 110 7 88 41 32 19 42 14 71 48 26 95 59 59 23 34 93 95 108 46 49 62 35 68 77 67 116 37 99 41 55 39 88 63 25 19 62 124 113 110 42 86 56 43 117 174 44 14 104 62 66 120 40 92 43 135 67 78 107 14 33 68 107 38 76 104
120 0 81 133 32 91 165 70 75 80 97 63 49 128 212 107 117 94 193 165 68 198 192 68 65 109 78 75 105 117 115 70 138 53 123 120 79 136 132 92 132 52 107 136 174 100 167 141 86 101 204 84 120 75 133 106 169 75 57 122 100 148 160 80 123 199 57 131 116 129 4 84 198 143 120 112 77 102 69 143 122 116 61 54 70 82 92 83 43 132 102 189 114 91 86 102 151 141 103
92 81 0 118 49 76 162 49 100 35 28 88 98 140 211 28 123 63 175 141 88 189 196 43 26 28 85 39 37 117 115 23 152 34 90 41 73 122 92 96 97 76 115 117 180 117 151 114 76 19 186 17 122 80 140 59 108 16 46 43 101 69 123 39 120 179 67 115 102 138 83 21 199 132 41 48 62 30 100 133 103 35 76 65 32 77 11 85 64 142 25 194 78 61 24 24 130 154 23
29 133 118 0 118 46 45 75 66 83 96 183 95 44 93 135 33 55 61 33 67 71 79 81 99 125 55 81 93 24 24 136 52 133 34 117 56 3 42 43 34 81 36 5 66 49 35 20 49 121 72 135 27 58 38 63 86 103 87 144 34 126 42 80 18 66 77 3 18 39 137 139 82 14 115 85 63 145 193 16 15 133 72 80 145 52 119 50 155 43 106 79 43 57 95 135 18 51 132
99 32 49 118 0 72 155 46 73 50 65 66 58 123 204 76 109 70 179 148 62 187 186 42 34 78 67 47 74 106 105 42 135 26 101 88 62 121 108 82 109 45 99 119 168 96 153 122 69 69 190 54 111 63 127 79 141 43 32 91 89 116 138 51 112 184 43 116 100 123 34 55 191 129 88 82 56 72 75 130 105 84 51 39 45 66 60 70 37 127 70 183 91 67 54 71 134 137 72
29 91 76 46 72 0 87 29 43 41 59 138 64 65 137 97 48 17 106 76 36 117 120 35 54 89 23 37 59 41 39 91 77 87 33 85 13 49 44 25 42 42 41 47 105 47 81 51 6 82 118 92 47 21 65 34 90 59 41 108 26 103 70 37 44 112 34 44 28 63 95 96 124 59 83 56 16 104 148 60 32 97 33 37 99 12 79 18 109 67 70 119 28 16 54 95 62 79 93
73 165 162 45 155 87 0 116 90 127 140 220 119 41 50 180 48 99 40 43 96 34 35 122 141 170 88 124 138 49 50 178 36 173 78 161 94 41 84 74 76 113 57 47 24 66 27 58 88 165 47 178 45 92 33 108 121 146 126 189 66 169 70 123 44 45 112 48 60 37 168 182 37 31 159 129 103 189 229 29 60 177 105 116 186 90 164 85 192 37 151 34 88 100 138 179 42 34 176
53 70 49 75 46 29 116 0 53 18 41 110 60 91 166 74 74 24 135 103 42 146 149 6 26 68 36 12 45 69 67 62 103 58 55 69 23 78 63 47 64 35 65 75 133 68 110 77 28 60 146 65 74 31 92 36 99 33 14 87 52 93 93 15 72 140 24 72 57 89 74 68 153 87 68 48 13 79 121 89 60 76 31 24 71 28 55 36 81 94 51 147 45 21 32 71 90 105 69
66 75 100 66 73 43 90 53 0 71 93 134 30 53 137 126 43 58 122 99 12 124 117 58 74 121 20 65 97 45 44 107 64 96 72 122 34 68 85 25 80 27 34 70 99 25 97 81 38 113 133 114 47 24 58 76 132 84 54 140 32 143 104 68 52 128 33 66 53 54 79 116 123 73 120 96 44 129 142 72 61 129 24 36 113 32 107 25 108 57 104 114 70 56 85 123 84 66 122
58 80 35 83 50 41 127 18 71 0 23 109 77 105 176 57 88 28 141 108 60 154 161 15 19 51 53 6 28 82 80 53 118 54 57 52 39 87 62 63 65 52 80 83 145 84 117 81 42 43 153 52 87 48 105 29 90 19 24 70 66 76 93 4 84 146 41 80 67 103 83 56 164 97 50 33 28 64 120 98 68 59 49 40 62 44 39 52 81 108 33 159 46 26 14 55 96 119 53
68 97 28 96 65 59 140 41 93 23 0 115 100 124 189 39 107 43 149 116 82 165 175 38 32 30 75 29 9 99 97 51 136 59 65 29 61 99 65 83 71 75 99 94 161 105 127 89 61 25 161 44 105 70 123 33 81 22 46 50 85 53 96 26 101 154 64 93 81 121 100 48 178 110 27 20 50 50 127 112 81 38 72 63 61 64 25 73 89 126 11 174 54 43 11 39 105 137 36
163 63 88 183 66 138 220 110 134 109 115 0 112 186 269 102 173 133 244 213 125 253 250 105 91 111 132 108 124 171 170 66 198 56 165 127 128 186 171 146 173 108 164 185 232 159 218 187 135 104 256 79 176 128 191 139 196 94 97 113 154 153 202 111 177 249 108 181 165 187 60 75 255 195 127 135 121 90 12 196 170 113 115 104 58 132 97 136 29 190 114 247 154 131 107 97 199 200 100
91 49 98 95 58 64 119 60 30 77 100 112 0 81 165 126 72 75 152 128 29 153 144 62 73 123 43 71 105 75 74 98 90 84 97 128 52 97 108 53 105 25 63 99 126 54 127 109 58 114 162 108 76 43 87 92 153 85 54 140 61 153 130 75 81 158 36 94 80 83 53 110 150 102 126 108 57 126 118 102 88 131 32 37 102 52 107 48 89 85 109 141 91 72 89 122 113 93 121
66 128 140 44 123 65 41 91 53 105 124 186 81 0 84 162 17 81 79 67 61 74 64 97 116 154 57 101 124 26 27 152 12 144 73 149 67 43 83 44 76 79 25 49 46 28 57 64 64 147 87 155 20 62 8 95 130 123 98 173 39 163 85 102 27 84 80 46 47 5 132 159 70 39 147 118 78 169 195 37 52 162 72 84 160 63 144 55 160 4 135 61 78 81 119 160 56 14 158
121 212 211 93 204 137 50 166 137 176 189 269 165 84 0 228 96 148 53 79 144 28 21 172 191 218 137 174 186 98 100 228 75 223 125 208 144 90 129 123 122 161 105 95 39 112 65 103 138 214 47 228 94 142 79 156 158 196 176 237 115 213 108 173 93 52 161 96 110 83 216 232 14 80 206 177 153 238 278 78 109 225 154 165 236 139 213 134 242 80 199 25 136 150 188 228 85 72 225
107 107 28 135 76 97 180 74 126 57 39 102 126 162 228 0 145 82 187 154 115 204 214 69 53 12 110 62 43 137 136 40 174 56 104 29 96 138 102 120 109 103 137 133 200 141 166 127 98 15 199 25 143 105 161 72 106 42 73 15 123 52 132 60 139 192 94 132 120 160 109 28 217 149 30 53 85 15 114 151 120 11 103 92 45 101 19 109 82 164 29 213 93 81 43 6 144 175 5
50 117 123 33 109 48 48 74 43 88 107 173 72 17 96 145 0 64 81 62 49 82 77 80 100 137 42 84 107 10 11 136 29 129 57 132 51 33 69 28 61 66 10 38 60 19 57 53 47 130 91 139 6 47 18 78 116 107 82 156 22 147 75 85 14 86 66 34 31 15 121 142 82 33 130 101 61 152 182 32 37 145 58 70 144 46 127 39 146 19 118 75 62 64 102 143 49 31 141
30 94 63 55 70 17 99 24 58 28 43 133 75 81 148 82 64 0 113 81 49 126 133 29 45 73 37 27 43 56 54 81 93 80 31 69 24 59 39 42 40 50 57 55 118 63 89 54 21 67 125 80 62 34 80 18 79 47 38 93 43 86 69 25 58 118 40 52 39 78 97 84 136 69 67 39 18 90 144 70 40 81 43 42 90 26 65 34 105 83 54 132 21 3 40 81 68 94 78
83 193 175 61 179 106 40 135 122 141 149 244 152 79 53 187 81 113 0 33 126 25 54 140 158 176 115 140 144 78 79 194 76 193 85 165 117 58 85 101 79 141 89 59 56 100 26 61 109 173 12 191 76 118 70 116 107 160 147 194 93 166 59 138 71 6 137 63 79 75 197 196 50 50 162 134 123 199 254 50 74 183 132 141 203 113 174 110 216 75 158 56 96 116 150 188 45 74 185
51 165 141 33 148 76 43 103 99 108 116 213 128 67 79 154 62 81 33 0 100 52 72 109 126 143 88 107 111 55 56 161 70 161 51 132 87 31 52 76 46 114 67 30 66 80 16 28 80 140 45 158 56 90 59 83 80 127 116 161 67 134 29 105 49 38 109 34 50 62 169 163 72 29 129 101 92 165 223 30 44 150 104 112 170 84 141 83 185 64 125 74 63 83 117 155 15 68 152
62 68 88 67 62 36 96 42 12 60 82 125 29 61 144 115 49 49 126 100 0 130 125 46 63 110 14 54 86 49 47 96 73 85 68 111 25 70 80 25 76 17 39 71 107 34 100 80 30 101 137 102 52 15 65 67 126 73 43 128 33 133 101 57 55 131 22 66 52 62 72 105 130 76 109 86 34 118 134 76 59 118 12 25 102 24 96 19 99 65 92 122 64 47 74 112 85 75 110
98 198 189 71 187 117 34 146 124 154 165 253 153 74 28 204 82 126 25 52 130 0 31 152 170 194 121 152 161 82 83 207 68 204 101 183 125 68 103 107 96 146 91 72 39 100 39 77 119 190 22 206 78 125 67 132 130 174 157 212 98 187 80 151 76 25 145 74 89 71 202 210 26 58 181 152 133 215 262 57 86 201 138 148 216 121 190 117 225 70 175 34 112 128 165 205 60 65 202
108 192 196 79 186 120 35 149 117 161 175 250 144 64 21 214 77 133 54 72 125 31 0 155 174 205 119 158 172 80 82 211 54 205 112 196 126 76 118 104 110 142 87 82 18 92 56 92 121 200 53 212 75 123 59 142 152 180 159 224 98 203 101 157 76 55 143 83 94 63 196 216 7 66 194 164 136 223 258 63 94 212 135 146 219 122 198 116 223 60 185 4 122 134 173 214 75 51 211
59 68 43 81 42 35 122 6 58 15 38 105 62 97 172 69 80 29 140 109 46 152 155 0 19 64 41 9 43 75 73 56 109 52 60 66 29 84 67 53 68 37 72 81 139 73 116 82 34 55 152 59 80 37 98 38 101 27 11 82 58 90 97 13 79 146 27 78 63 95 71 62 159 94 64 47 19 73 116 95 66 72 35 26 64 34 50 42 76 100 47 153 49 26 28 66 95 111 64
75 65 26 99 34 54 141 26 74 19 32 91 73 116 191 53 100 45 158 126 63 170 174 19 0 50 60 18 40 94 92 37 128 35 75 57 49 102 80 72 83 50 91 99 158 92 134 98 53 41 170 40 100 55 117 48 108 12 20 67 78 84 112 21 98 163 42 96 82 115 68 43 178 112 56 48 39 55 102 114 84 58 51 39 45 54 34 61 62 119 38 173 64 43 21 49 113 130 48
97 109 28 125 78 89 170 68 121 51 30 111 123 154 218 12 137 73 176 143 110 194 205 64 50 0 103 56 33 129 127 46 166 61 93 17 90 129 91 113 98 100 129 123 191 134 155 117 91 9 188 32 135 99 153 62 94 39 69 19 115 43 121 54 131 181 90 122 111 151 111 36 207 139 19 42 79 26 122 141 110 8 98 88 53 94 18 102 89 156 19 204 83 73 36 16 134 167 12
48 78 85 55 67 23 88 36 20 53 75 132 43 57 137 110 42 37 115 88 14 121 119 41 60 103 0 48 77 40 38 96 69 87 54 103 14 58 66 14 62 26 32 58 102 32 89 66 17 96 126 100 44 5 60 55 112 69 41 123 22 123 88 50 45 121 24 54 39 56 82 103 124 65 101 76 25 114 141 65 46 112 17 28 103 12 91 6 104 60 85 116 50 36 67 107 73 71 105
57 75 39 81 47 37 124 12 65 6 29 108 71 101 174 62 84 27 140 107 54 152 158 9 18 56 48 0 34 78 76 55 113 53 57 57 35 85 63 58 65 46 76 81 142 79 115 80 38 48 152 55 84 43 102 31 94 22 19 75 62 81 94 4 81 145 35 78 64 99 79 59 161 94 56 38 23 68 119 96 66 64 43 35 63 39 43 47 80 104 39 156 46 24 20 60 95 115 58
65 105 37 93 74 59 138 45 97 28 9 124 105 124 186 43 107 43 144 111 86 161 172 43 40 33 77 34 0 98 96 60 135 68 61 26 63 96 60 84 66 80 100 91 159 106 123 84 63 29 156 51 104 73 122 30 72 31 53 51 86 47 89 30 99 149 69 90 79 121 108 56 175 107 24 12 53 55 135 109 78 40 76 69 69 66 32 75 98 125 14 172 50 43 19 44 101 136 41
40 117 117 24 106 41 49 69 45 82 99 171 75 26 98 137 10 56 78 55 49 82 80 75 94 129 40 78 98 0 2 131 37 125 47 124 46 25 59 25 51 65 12 29 64 25 52 43 41 123 88 133 6 44 24 69 106 100 78 149 17 137 66 78 7 83 63 25 21 23 121 137 85 28 121 92 56 145 181 27 27 137 56 67 139 41 120 36 144 27 110 79 52 56 95 136 41 38 134
39 115 115 24 105 39 50 67 44 80 97 170 74 27 100 136 11 54 79 56 47 83 82 73 92 127 38 76 96 2 0 129 39 123 46 122 44 25 58 24 50 63 12 29 66 25 53 43 39 121 89 131 8 42 26 68 105 98 76 147 16 136 66 76 8 84 62 25 20 24 119 135 87 29 120 91 54 143 179 28 26 135 55 65 137 40 118 34 142 29 108 80 51 55 93 135 42 40 132
111 70 23 136 42 91 178 62 107 53 51 66 98 152 228 40 136 81 194 161 96 207 211 56 37 46 96 55 60 131 129 0 164 18 110 62 85 139 113 109 117 81 127 136 195 127 170 134 90 39 206 15 136 90 154 80 131 34 54 53 114 89 145 56 135 199 74 133 118 151 71 14 215 149 62 71 75 32 77 150 121 50 83 71 9 90 31 97 43 155 48 209 98 79 45 34 149 166 36
76 138 152 52 135 77 36 103 64 118 136 198 90 12 75 174 29 93 76 70 73 68 54 109 128 166 69 113 135 37 39 164 0 156 83 161 80 50 93 56 85 90 38 57 36 39 58 72 76 160 84 168 31 74 14 107 138 136 110 185 51 174 91 114 37 81 92 55 58 15 142 171 60 44 159 130 90 181 206 41 62 174 84 96 172 75 156 68 171 10 147 51 89 93 131 173 61 3 170
110 53 34 133 26 87 173 58 96 54 59 56 84 144 223 56 129 80 193 161 85 204 205 52 35 61 87 53 68 125 123 18 156 0 111 75 79 136 115 101 118 69 120 133 189 118 168 133 85 53 204 32 130 82 147 83 140 38 47 70 108 103 147 56 130 198 64 130 115 144 53 31 210 145 75 79 71 49 68 147 118 66 73 61 19 84 45 90 30 148 59 203 99 77 51 51 147 158 52
7 123 90 34 101 33 78 55 72 57 65 165 97 73 125 104 57 31 85 51 68 101 112 60 75 93 54 57 61 47 46 110 83 111 0 84 46 37 12 49 9 75 55 31 100 66 62 24 39 89 96 107 53 54 69 32 61 76 69 112 44 93 37 55 46 89 67 30 26 69 127 111 114 47 81 52 46 115 175 49 21 100 67 70 119 45 90 49 136 73 75 112 12 34 66 104 40 83 101
88 120 41 117 88 85 161 69 122 52 29 127 128 149 208 29 132 69 165 132 111 183 196 66 57 17 103 57 26 124 122 62 161 75 84 0 88 120 80 110 87 103 126 114 183 132 145 106 88 23 176 48 130 98 147 55 78 46 74 30 111 28 107 54 124 169 93 114 104 146 123 52 198 130 2 32 78 43 139 133 102 20 100 92 69 92 31 101 104 151 20 196 74 69 39 33 123 162 29
41 79 73 56 62 13 94 23 34 39 61 128 52 67 144 96 51 24 117 87 25 125 126 29 49 90 14 35 63 46 44 85 80 79 46 88 0 59 57 24 55 29 42 58 110 45 91 63 8 82 128 88 51 11 69 42 101 56 32 109 29 109 82 36 50 122 22 54 38 66 83 92 131 67 86 62 11 102 137 68 43 98 21 25 93 5 78 13 99 70 71 124 40 22 53 94 73 81 92
32 136 122 3 121 49 41 78 68 87 99 186 97 43 90 138 33 59 58 31 70 68 76 84 102 129 58 85 96 25 25 139 50 136 37 120 59 0 44 45 36 84 37 7 63 50 32 22 52 124 69 138 27 61 36 66 88 106 90 148 36 129 43 83 19 63 80 7 21 38 140 142 79 10 118 88 66 148 196 13 19 136 75 83 148 55 123 53 158 42 110 75 46 60 98 138 16 49 135
19 132 92 42 108 44 84 63 85 62 65 171 108 83 129 102 69 39 85 52 80 103 118 67 80 91 66 63 60 59 58 113 93 115 12 80 57 44 0 61 8 86 67 38 107 78 65 26 50 89 96 108 64 65 78 33 49 79 77 109 56 85 31 59 56 89 77 39 38 79 136 113 119 54 78 49 56 114 182 56 31 98 77 80 123 56 90 60 142 83 74 118 18 42 68 104 44 93 100
42 92 96 43 82 25 74 47 25 63 83 146 53 44 123 120 28 42 101 76 25 107 104 53 72 113 14 58 84 25 24 109 56 101 49 110 24 45 61 0 56 40 18 46 87 22 76 57 22 105 112 112 29 19 46 59 109 80 55 132 9 128 79 59 31 107 38 42 28 43 96 115 109 51 108 81 35 126 155 51 36 121 31 42 116 19 101 12 119 47 94 102 48 41 77 118 61 58 116
14 132 97 34 109 42 76 64 80 65 71 173 105 76 122 109 61 40 79 46 76 96 110 68 83 98 62 65 66 51 50 117 85 118 9 87 55 36 8 56 0 84 60 30 99 72 58 19 47 95 90 113 56 62 71 38 55 83 77 116 51 93 29 62 48 83 76 31 31 71 136 118 112 46 85 56 55 120 184 48 24 105 75 79 126 53 95 57 144 76 80 110 19 42 72 110 36 85 106
71 52 76 81 45 42 113 35 27 52 75 108 25 79 161 103 66 50 141 114 17 146 142 37 50 100 26 46 80 65 63 81 90 69 75 103 29 84 86 40 84 0 56 84 124 51 115 91 37 91 152 88 68 23 83 67 129 61 30 117 48 127 111 50 71 146 11 80 64 79 56 91 147 91 102 83 32 105 117 91 71 108 9 12 86 31 84 31 81 82 84 139 69 48 65 100 99 92 99
48 107 115 36 99 41 57 65 34 80 99 164 63 25 105 137 10 57 89 67 39 91 87 72 91 129 32 76 100 12 12 127 38 120 55 126 42 37 67 18 60 56 0 41 69 13 64 55 39 123 99 130 13 37 27 72 115 98 73 149 14 142 77 77 19 94 56 37 29 24 111 134 92 40 123 95 53 144 172 39 36 138 48 60 135 37 119 30 136 28 110 84 58 57 94 135 53 39 133
26 136 117 5 119 47 47 75 70 83 94 185 99 49 95 133 38 55 59 30 71 72 82 81 99 123 58 81 91 29 29 136 57 133 31 114 58 7 38 46 30 84 41 0 69 54 34 15 50 119 71 134 32 61 43 61 81 102 88 142 38 123 37 80 24 65 79 4 20 44 140 138 84 16 112 82 63 143 195 19 15 131 75 82 144 54 118 53 156 48 105 81 41 57 93 134 15 56 131
95 174 180 66 168 105 24 133 99 145 161 232 126 46 39 200 60 118 56 66 107 39 18 139 158 191 102 142 159 64 66 195 36 189 100 183 110 63 107 87 99 124 69 69 0 74 50 82 105 185 59 197 59 106 42 129 145 164 142 210 81 192 94 142 61 59 125 70 80 45 178 200 24 53 181 151 120 208 241 51 81 198 117 129 203 105 183 99 205 42 171 15 109 119 158 199 65 33 196
59 100 117 49 96 47 66 68 25 84 105 159 54 28 112 141 19 63 100 80 34 100 92 73 92 134 32 79 106 25 25 127 39 118 66 132 45 50 78 22 72 51 13 54 74 0 75 67 43 127 110 132 24 37 33 80 127 100 73 153 22 149 90 80 31 105 54 50 41 29 104 135 97 52 130 103 56 146 167 51 49 142 45 57 134 40 122 32 132 32 115 89 68 63 98 139 66 41 137
59 167 151 35 153 81 27 110 97 117 127 218 127 57 65 166 57 89 26 16 100 39 56 116 134 155 89 115 123 52 53 170 58 168 62 145 91 32 65 76 58 115 64 34 50 75 0 39 84 151 37 168 51 93 49 94 96 136 122 174 67 149 45 114 46 31 112 38 53 53 171 172 56 25 142 113 98 176 228 25 49 162 106 115 179 87 151 85 190 54 137 57 73 91 127 166 22 56 163
23 141 114 20 122 51 58 77 81 81 89 187 109 64 103 127 53 54 61 28 80 77 92 82 98 117 66 80 84 43 43 134 72 133 24 106 63 22 26 57 19 91 55 15 82 67 39 0 55 113 72 131 47 68 58 55 66 100 90 135 49 111 23 78 38 66 85 19 29 59 145 135 93 29 103 74 66 138 197 32 21 123 82 88 143 60 113 61 158 63 98 92 35 56 90 128 17 71 125
34 86 76 49 69 6 88 28 38 42 61 135 58 64 138 98 47 21 109 80 30 119 121 34 53 91 17 38 63 41 39 90 76 85 39 88 8 52 50 22 47 37 39 50 105 43 84 55 0 84 121 92 46 15 64 39 96 60 38 111 25 107 75 38 45 115 30 47 31 62 90 96 125 61 86 60 15 105 144 62 36 99 28 33 98 6 80 13 106 66 72 119 33 20 55 97 65 77 95
93 101 19 121 69 82 165 60 113 43 25 104 114 147 214 15 130 67 173 140 101 190 200 55 41 9 96 48 29 123 121 39 160 53 89 23 82 124 89 105 95 91 123 119 185 127 151 113 84 0 185 26 129 91 147 58 96 30 61 27 109 50 119 46 125 178 81 117 106 145 102 30 202 134 23 40 71 26 116 136 105 17 90 79 47 86 9 95 82 150 15 199 78 66 29 15 130 161 12
95 204 186 72 190 118 47 146 133 153 161 256 162 87 47 199 91 125 12 45 137 22 53 152 170 188 126 152 156 88 89 206 84 204 96 176 128 69 96 112 90 152 99 71 59 110 37 72 121 185 0 203 86 130 79 128 116 172 159 205 104 176 69 150 82 7 149 75 90 83 208 207 48 61 173 145 135 210 265 61 86 194 143 152 215 124 186 122 227 84 170 56 108 127 162 200 57 81 197
108 84 17 135 54 92 178 65 114 52 44 79 108 155 228 25 139 80 191 158 102 206 212 59 40 32 100 55 51 133 131 15 168 32 107 48 88 138 108 112 113 88 130 134 197 132 168 131 92 26 203 0 138 95 156 76 122 33 59 38 117 75 139 55 136 196 80 132 118 154 85 5 216 148 49 63 78 18 90 150 120 35 90 78 21 93 20 100 58 158 38 211 95 78 41 19 146 169 21
46 120 122 27 111 47 45 74 47 87 105 176 76 20 94 143 6 62 76 56 52 78 75 80 100 135 44 84 104 6 8 136 31 130 53 130 51 27 64 29 56 68 13 32 59 24 51 47 46 129 86 138 0 48 18 75 111 106 83 155 22 143 69 84 8 81 68 28 27 17 124 142 80 28 127 98 61 151 185 26 32 143 60 71 144 47 126 41 148 21 116 73 58 62 101 142 43 32 140
49 75 80 58 63 21 92 31 24 48 70 128 43 62 142 105 47 34 118 90 15 125 123 37 55 99 5 43 73 44 42 90 74 82 54 98 11 61 65 19 62 23 37 61 106 37 93 68 15 91 130 95 48 0 64 53 111 64 36 118 26 119 89 45 49 124 20 56 41 61 79 98 128 68 96 72 21 110 137 69 48 107 14 23 98 9 86 8 100 65 81 121 49 33 62 102 76 76 101
62 133 140 38 127 65 33 92 58 105 123 191 87 8 79 161 18 80 70 59 65 67 59 98 117 153 60 102 122 24 26 154 14 147 69 147 69 36 78 46 71 83 27 43 42 33 49 58 64 147 79 156 18 64 0 93 124 124 100 172 39 160 78 102 23 76 83 40 44 4 137 160 65 31 145 116 79 169 199 29 48 161 75 87 162 64 144 57 164 6 134 57 75 80 119 160 48 14 158
35 106 59 63 79 34 108 36 76 29 33 139 92 95 156 72 78 18 116 83 67 132 142 38 48 62 55 31 30 69 68 80 107 83 32 55 42 66 33 59 38 67 72 61 129 80 94 55 39 58 128 76 75 53 93 0 64 46 49 81 59 69 65 28 70 121 57 60 50 92 109 80 145 77 52 23 35 83 150 79 48 70 60 58 89 44 58 52 110 97 43 142 20 20 35 73 72 107 70
68 169 108 86 141 90 121 99 132 90 81 196 153 130 158 106 116 79 107 80 126 130 152 101 108 94 112 94 72 106 105 131 138 140 61 78 101 88 49 109 55 129 115 81 145 127 96 66 96 96 116 122 111 111 124 64 0 102 112 106 105 66 51 90 103 109 119 84 86 125 173 126 152 95 76 61 97 120 207 98 79 98 122 121 141 102 102 107 169 129 84 153 62 81 89 110 80 137 106
77 75 16 103 43 59 146 33 84 19 22 94 85 123 196 42 107 47 160 127 73 174 180 27 12 39 69 22 31 100 98 34 136 38 76 46 56 106 79 80 83 61 98 102 164 100 136 100 60 30 172 33 106 64 124 46 102 0 31 56 85 73 111 23 103 165 52 100 86 122 78 37 183 116 45 41 45 46 106 118 87 46 61 50 43 61 23 69 67 126 26 178 64 46 13 39 115 137 37
67 57 46 87 32 41 126 14 54 24 46 97 54 98 176 73 82 38 147 116 43 157 159 11 20 69 41 19 53 78 76 54 110 47 69 74 32 90 77 55 77 30 73 88 142 73 122 90 38 61 159 59 83 36 100 49 112 31 0 87 61 99 106 23 83 153 21 84 69 97 61 62 163 99 73 58 24 75 107 100 73 77 30 19 61 37 54 43 68 101 55 157 59 35 35 69 102 112 68
116 122 43 144 91 108 189 87 140 70 50 113 140 173 237 15 156 93 194 161 128 212 224 82 67 19 123 75 51 149 147 53 185 70 112 30 109 148 109 132 116 117 149 142 210 153 174 135 111 27 205 38 155 118 172 81 106 56 87 0 135 45 137 73 150 198 108 141 130 171 123 40 226 158 32 60 98 23 124 160 129 12 117 106 58 113 33 122 95 176 39 223 101 92 55 20 152 187 19
37 100 101 34 89 26 66 52 32 66 85 154 61 39 115 123 22 43 93 67 33 98 98 58 78 115 22 62 86 17 16 114 51 108 44 111 29 36 56 9 51 48 14 38 81 22 67 49 25 109 104 117 22 26 39 59 105 85 61 135 0 128 72 63 23 98 46 34 21 37 104 120 102 43 109 81 39 130 163 43 29 123 39 50 122 24 105 19 126 41 96 95 45 43 80 122 53 53 119
99 148 69 126 116 103 169 93 143 76 53 153 153 163 213 52 147 86 166 134 133 187 203 90 84 43 123 81 47 137 136 89 174 103 93 28 109 129 85 128 93 127 142 123 192 149 149 111 107 50 176 75 143 119 160 69 66 73 99 45 128 0 107 78 137 169 117 123 117 160 150 78 205 139 28 47 99 66 165 141 113 41 123 116 96 112 58 120 131 165 47 203 85 87 64 57 129 175 54
41 160 123 42 138 70 70 93 104 93 96 202 130 85 108 132 75 69 59 29 101 80 101 97 112 121 88 94 89 66 66 145 91 147 37 107 82 43 31 79 29 111 77 37 94 90 45 23 75 119 69 139 69 89 78 65 51 111 106 137 72 107 0 91 61 62 104 41 51 80 164 144 101 47 105 78 84 144 212 50 43 126 102 107 154 80 121 82 173 84 104 102 48 71 99 134 30 90 130
55 80 39 80 51 37 123 15 68 4 26 111 75 102 173 60 85 25 138 105 57 151 157 13 21 54 50 4 30 78 76 56 114 56 55 54 36 83 59 59 62 50 77 80 142 80 114 78 38 46 150 55 84 45 102 28 90 23 23 73 63 78 91 0 81 143 39 77 63 100 83 59 161 93 52 34 25 67 122 95 65 62 46 38 65 40 42 48 83 104 36 156 43 23 18 59 93 115 57
39 123 120 18 112 44 44 72 52 84 101 177 81 27 93 139 14 58 71 49 55 76 76 79 98 131 45 81 99 7 8 135 37 130 46 124 50 19 56 31 48 71 19 24 61 31 46 38 45 125 82 136 8 49 23 70 103 103 83 150 23 137 61 81 0 77 69 20 20 23 127 140 80 21 122 93 59 148 186 21 25 139 62 72 143 46 123 41 149 28 111 75 52 59 97 139 35 38 136
88 199 179 66 184 112 45 140 128 146 154 249 158 84 52 192 86 118 6 38 131 25 55 146 163 181 121 145 149 83 84 199 81 198 89 169 122 63 89 107 83 146 94 65 59 105 31 66 115 178 7 196 81 124 76 121 109 165 153 198 98 169 62 143 77 0 143 68 84 80 203 201 51 56 166 138 128 203 259 56 80 187 138 146 208 118 179 116 221 80 163 58 101 121 155 193 51 78 190
63 57 67 77 43 34 112 24 33 41 64 108 36 80 161 94 66 40 137 109 22 145 143 27 42 90 24 35 69 63 62 74 92 64 67 93 22 80 77 38 76 11 56 79 125 54 112 85 30 81 149 80 68 20 83 57 119 52 21 108 46 117 104 39 69 143 0 75 59 80 61 83 148 88 91 72 22 96 117 88 65 98 9 4 81 25 75 28 80 84 74 140 60 38 54 91 94 94 89
25 131 115 3 116 44 48 72 66 80 93 181 94 46 96 132 34 52 63 34 66 74 83 78 96 122 54 78 90 25 25 133 55 130 30 114 54 7 39 42 31 80 37 4 70 50 38 19 47 117 75 132 28 56 40 60 84 100 84 141 34 123 41 77 20 68 75 0 16 41 135 136 85 17 111 82 60 142 191 19 12 130 70 78 142 50 116 49 153 46 103 82 40 54 91 132 19 54 129
19 116 102 18 100 28 60 57 53 67 81 165 80 47 110 120 31 39 79 50 52 89 94 63 82 111 39 64 79 21 20 118 58 115 26 104 38 21 38 28 31 64 29 20 80 41 53 29 31 106 90 118 27 41 44 50 86 86 69 130 21 117 51 63 20 84 59 16 0 43 120 122 97 31 102 73 45 129 175 32 8 119 55 63 127 34 104 33 137 48 92 93 32 40 79 120 35 58 117
62 129 138 39 123 63 37 89 54 103 121 187 83 5 83 160 15 78 75 62 62 71 63 95 115 151 56 99 121 23 24 151 15 144 69 146 66 38 79 43 71 79 24 44 45 29 53 59 62 145 83 154 17 61 4 92 125 122 97 171 37 160 80 100 23 80 80 41 43 0 133 157 69 34 144 115 76 167 195 32 48 159 72 84 159 61 142 54 160 5 132 60 75 79 117 158 51 16 156
124 4 83 137 34 95 168 74 79 83 100 60 53 132 216 109 121 97 197 169 72 202 196 71 68 111 82 79 108 121 119 71 142 53 127 123 83 140 136 96 136 56 111 140 178 104 171 145 90 102 208 85 124 79 137 109 173 78 61 123 104 150 164 83 127 203 61 135 120 133 0 84 201 147 122 116 81 103 65 147 126 117 65 58 70 86 94 87 42 136 104 193 118 94 89 103 155 145 104
113 84 21 139 55 96 182 68 116 56 48 75 110 159 232 28 142 84 196 163 105 210 216 62 43 36 103 59 56 137 135 14 171 31 111 52 92 142 113 115 118 91 134 138 200 135 172 135 96 30 207 5 142 98 160 80 126 37 62 40 120 78 144 59 140 201 83 136 122 157 84 0 220 153 53 68 81 18 86 154 124 38 92 80 18 96 25 104 55 162 43 215 100 82 45 22 151 173 24
110 198 199 82 191 124 37 153 123 164 178 255 150 70 14 217 82 136 50 72 130 26 7 159 178 207 124 161 175 85 87 215 60 210 114 198 131 79 119 109 112 147 92 84 24 97 56 93 125 202 48 216 80 128 65 145 152 183 163 226 102 205 101 161 80 51 148 85 97 69 201 220 0 68 196 166 140 226 264 66 97 215 140 151 223 126 201 121 228 66 188 11 125 138 176 217 76 57 214
42 143 132 14 129 59 31 87 73 97 110 195 102 39 80 149 33 69 50 29 76 58 66 94 112 139 65 94 107 28 29 149 44 145 47 130 67 10 54 51 46 91 40 16 53 52 25 29 61 134 61 148 28 68 31 77 95 116 99 158 43 139 47 93 21 56 88 17 31 34 147 153 68 0 128 98 75 158 205 3 29 146 82 91 158 63 133 60 167 37 120 65 57 70 108 149 17 43 146
86 120 41 115 88 83 159 68 120 50 27 127 126 147 206 30 130 67 162 129 109 181 194 64 56 19 101 56 24 121 120 62 159 75 81 2 86 118 78 108 85 102 123 112 181 130 142 103 86 23 173 49 127 96 145 52 76 45 73 32 109 28 105 52 122 166 91 111 102 144 122 53 196 128 0 30 76 44 139 130 100 22 98 90 70 90 31 99 104 149 18 193 71 67 37 34 121 159 30
56 112 48 85 82 56 129 48 96 33 20 135 108 118 177 53 101 39 134 101 86 152 164 47 48 42 76 38 12 92 91 71 130 79 52 32 62 88 49 81 56 83 95 82 151 103 113 74 60 40 145 63 98 72 116 23 61 41 58 60 81 47 78 34 93 138 72 82 73 115 116 68 166 98 30 0 52 66 146 101 70 49 77 72 80 65 43 73 108 120 26 164 42 40 28 55 92 130 52
43 77 62 63 56 16 103 13 44 28 50 121 57 78 153 85 61 18 123 92 34 133 136 19 39 79 25 23 53 56 54 75 90 71 46 78 11 66 56 35 55 32 53 63 120 56 98 66 15 71 135 78 61 21 79 35 97 45 24 98 39 99 84 25 59 128 22 60 45 76 81 81 140 75 76 52 0 91 131 76 49 87 26 24 84 16 67 24 93 81 60 134 38 15 42 83 78 92 81
117 102 30 145 72 104 189 79 129 64 50 90 126 169 238 15 152 90 199 165 118 215 223 73 55 26 114 68 55 145 143 32 181 49 115 43 102 148 114 126 120 105 144 143 208 146 176 138 105 26 210 18 151 110 169 83 120 46 75 23 130 66 144 67 148 203 96 142 129 167 103 18 226 158 44 66 91 0 101 160 130 25 106 94 35 107 25 115 72 171 41 222 103 89 51 11 155 182 15
174 69 100 193 75 148 229 121 142 120 127 12 118 195 278 114 182 144 254 223 134 262 258 116 102 122 141 119 135 181 179 77 206 68 175 139 137 196 182 155 184 117 172 195 241 167 228 197 144 116 265 90 185 137 199 150 207 106 107 124 163 165 212 122 186 259 117 191 175 195 65 86 264 205 139 146 131 101 0 205 180 124 124 114 69 141 108 145 39 198 125 256 165 141 118 108 209 208 111
44 143 133 16 130 60 29 89 72 98 112 196 102 37 78 151 32 70 50 30 76 57 63 95 114 141 65 96 109 27 28 150 41 147 49 133 68 13 56 51 48 91 39 19 51 51 25 32 62 136 61 150 26 69 29 79 98 118 100 160 43 141 50 95 21 56 88 19 32 32 147 154 66 3 130 101 76 160 205 0 31 149 82 92 159 64 135 61 168 35 122 63 59 72 110 151 20 40 148
14 122 103 15 105 32 60 60 61 68 81 170 88 52 109 120 37 40 74 44 59 86 94 66 84 110 46 66 78 27 26 121 62 118 21 102 43 19 31 36 24 71 36 15 81 49 49 21 36 105 86 120 32 48 48 48 79 87 73 129 29 113 43 65 25 80 65 12 8 48 126 124 97 29 100 70 49 130 180 31 0 118 61 68 130 40 104 40 141 52 91 93 29 42 79 120 29 62 117
104 116 35 133 84 97 177 76 129 59 38 113 131 162 225 11 145 81 183 150 118 201 212 72 58 8 112 64 40 137 135 50 174 66 100 20 98 136 98 121 105 108 138 131 198 142 162 123 99 17 194 35 143 107 161 70 98 46 77 12 123 41 126 62 139 187 98 130 119 159 117 38 215 146 22 49 87 25 124 149 118 0 106 96 56 102 24 110 93 164 27 211 90 81 44 16 141 175 14
62 61 76 72 51 33 105 31 24 49 72 115 32 72 154 103 58 43 132 104 12 138 135 35 51 98 17 43 76 56 55 83 84 73 67 100 21 75 77 31 75 9 48 75 117 45 106 82 28 90 143 90 60 14 75 60 122 61 30 117 39 123 102 46 62 138 9 70 55 72 65 92 140 82 98 77 26 106 124 82 61 106 0 13 90 22 84 22 88 75 82 132 60 41 62 100 90 86 98
66 54 65 80 39 37 116 24 36 40 63 104 37 84 165 92 70 42 141 112 25 148 146 26 39 88 28 35 69 67 65 71 96 61 70 92 25 83 80 42 79 12 60 82 129 57 115 88 33 79 152 78 71 23 87 58 121 50 19 106 50 116 107 38 72 146 4 78 63 84 58 80 151 91 90 72 24 94 114 92 68 96 13 0 77 28 73 31 77 87 72 144 62 40 53 88 97 98 87
120 70 32 145 45 99 186 71 113 62 61 58 102 160 236 45 144 90 203 170 102 216 219 64 45 53 103 63 69 139 137 9 172 19 119 69 93 148 123 116 126 86 135 144 203 134 179 143 98 47 215 21 144 98 162 89 141 43 61 58 122 96 154 65 143 208 81 142 127 159 70 18 223 158 70 80 84 35 69 159 130 56 90 77 0 98 40 104 37 163 57 218 108 88 55 39 158 174 42
40 82 77 52 66 12 90 28 32 44 64 132 52 63 139 101 46 26 113 84 24 121 122 34 54 94 12 39 66 41 40 90 75 84 45 92 5 55 56 19 53 31 37 54 105 40 87 60 6 86 124 93 47 9 64 44 102 61 37 113 24 112 80 40 46 118 25 50 34 61 86 96 126 63 90 65 16 107 141 64 40 102 22 28 98 0 82 9 104 65 75 120 39 25 58 99 69 77 97
92 92 11 119 60 79 164 55 107 39 25 97 107 144 213 19 127 65 174 141 96 190 198 50 34 18 91 43 32 120 118 31 156 45 90 31 78 123 90 101 95 84 119 118 183 122 151 113 80 9 186 20 126 86 144 58 102 23 54 33 105 58 121 42 123 179 75 116 104 142 94 25 201 133 31 43 67 25 108 135 104 24 84 73 40 82 0 90 73 146 18 197 78 64 25 16 130 158 15
43 83 85 50 70 18 85 36 25 52 73 136 48 55 134 109 39 34 110 83 19 117 116 42 61 102 6 47 75 36 34 97 68 90 49 101 13 53 60 12 57 31 30 53 99 32 85 61 13 95 122 100 41 8 57 52 107 69 43 122 19 120 82 48 41 116 28 49 33 54 87 104 121 60 99 73 24 115 145 61 40 110 22 31 104 9 90 0 108 58 84 114 45 33 66 107 68 69 105
135 43 64 155 37 109 192 81 108 81 89 29 89 160 242 82 146 105 216 185 99 225 223 76 62 89 104 80 98 144 142 43 171 30 136 104 99 158 142 119 144 81 136 156 205 132 190 158 106 82 227 58 148 100 164 110 169 67 68 95 126 131 173 83 149 221 80 153 137 160 42 55 228 167 104 108 93 72 39 168 141 93 88 77 37 104 73 108 0 164 89 221 125 102 80 76 171 174 79
67 132 142 43 127 67 37 94 57 108 126 190 85 4 80 164 19 83 75 64 65 70 60 100 119 156 60 104 125 27 29 155 10 148 73 151 70 42 83 47 76 82 28 48 42 32 54 63 66 150 84 158 21 65 6 97 129 126 101 176 41 165 84 104 28 80 84 46 48 5 136 162 66 37 149 120 81 171 198 35 52 164 75 87 163 65 146 58 164 0 137 57 79 83 121 163 54 11 160
78 102 25 106 70 70 151 51 104 33 11 114 109 135 199 29 118 54 158 125 92 175 185 47 38 19 85 39 14 110 108 48 147 59 75 20 71 110 74 94 80 84 110 105 171 115 137 98 72 15 170 38 116 81 134 43 84 26 55 39 96 47 104 36 111 163 74 103 92 132 104 43 188 120 18 26 60 41 125 122 91 27 82 72 57 75 18 84 89 137 0 185 64 54 19 30 115 148 27
107 189 194 79 183 119 34 147 114 159 174 247 141 61 25 213 75 132 56 74 122 34 4 153 173 204 116 156 172 79 80 209 51 203 112 196 124 75 118 102 110 139 84 81 15 89 57 92 119 199 56 211 73 121 57 142 153 178 157 223 95 203 102 156 75 58 140 82 93 60 193 215 11 65 193 164 134 222 256 63 93 211 132 144 218 120 197 114 221 57 185 0 122 133 171 213 75 48 210
14 114 78 43 91 28 88 45 70 46 54 154 91 78 136 93 62 21 96 63 64 112 122 49 64 83 50 46 50 52 51 98 89 99 12 74 40 46 18 48 19 69 58 41 109 68 73 35 33 78 108 95 58 49 75 20 62 64 59 101 45 85 48 43 52 101 60 40 32 75 118 100 125 57 71 42 38 103 165 59 29 90 60 62 108 39 78 45 125 79 64 122 0 24 54 93 52 90 90
33 91 61 57 67 16 100 21 56 26 43 131 72 81 150 81 64 3 116 83 47 128 134 26 43 73 36 24 43 56 55 79 93 77 34 69 22 60 42 41 42 48 57 57 119 63 91 56 20 66 127 78 62 33 80 20 81 46 35 92 43 87 71 23 59 121 38 54 40 79 94 82 138 70 67 40 15 89 141 72 42 81 41 40 88 25 64 33 102 83 54 133 24 0 38 80 70 94 77
68 86 24 95 54 54 138 32 85 14 11 107 89 119 188 43 102 40 150 117 74 165 173 28 21 36 67 20 19 95 93 45 131 51 66 39 53 98 68 77 72 65 94 93 158 98 127 90 55 29 162 41 101 62 119 35 89 13 35 55 80 64 99 18 97 155 54 91 79 117 89 45 176 108 37 28 42 51 118 110 79 44 62 53 55 58 25 66 80 121 19 171 54 38 0 42 106 132 39
107 102 24 135 71 95 179 71 123 55 39 97 122 160 228 6 143 81 188 155 112 205 214 66 49 16 107 60 44 136 135 34 173 51 104 33 94 138 104 118 110 100 135 134 199 139 166 128 97 15 200 19 142 102 160 73 110 39 69 20 122 57 134 59 139 193 91 132 120 158 103 22 217 149 34 55 83 11 108 151 120 16 100 88 39 99 16 107 76 163 30 213 93 80 42 0 145 174 4
38 151 130 18 134 62 42 90 84 96 105 199 113 56 85 144 49 68 45 15 85 60 75 95 113 134 73 95 101 41 42 149 61 147 40 123 73 16 44 61 36 99 53 15 65 66 22 17 65 130 57 146 43 76 48 72 80 115 102 152 53 129 30 93 35 51 94 19 35 51 155 151 76 17 121 92 78 155 209 20 29 141 90 97 158 69 130 68 171 54 115 75 52 70 106 145 0 60 141
76 141 154 51 137 79 34 105 66 119 137 200 93 14 72 175 31 94 74 68 75 65 51 111 130 167 71 115 136 38 40 166 3 158 83 162 81 49 93 58 85 92 39 56 33 41 56 71 77 161 81 169 32 76 14 107 137 137 112 187 53 175 90 115 38 78 94 54 58 16 145 173 57 43 159 130 92 182 208 40 62 175 86 98 174 77 158 69 174 11 148 48 90 94 132 174 60 0 172
104 103 23 132 72 93 176 69 122 53 36 100 121 158 225 5 141 78 185 152 110 202 211 64 48 12 105 58 41 134 132 36 170 52 101 29 92 135 100 116 106 99 133 131 196 137 163 125 95 12 197 21 140 101 158 70 106 37 68 19 119 54 130 57 136 190 89 129 117 156 104 24 214 146 30 52 81 15 111 148 117 14 98 87 42 97 15 105 79 160 27 210 90 77 39 4 141 172 0
